25921 83521 289 299 7 23
25921 83521 17 19 17 33
25921 83521 13 7 289 49
25921 83521 323 161 561 161
1681 707281 319 403 551 901
1681 707281 122 123 841 6601
2307361 2825761 943 979 1271 2329
23804641 62742241 7921 8979 23 41
23804641 62742241 623 103 979 589
23804641 62742241 89 489 1513 1529
23804641 62742241 1691 4141 5607 5945
418079809 442050625 125 91 841 791
418079809 442050625 1015 437 1595 1541
418079809 442050625 2755 6223 9715 9779
44182609 1766100625 8405 15801 215 253
44182609 1766100625 1025 158 697 25
44182609 1766100625 6478 6647 25625 112999
779135569 1766100625 1025 1032 41 265
857376961 3373402561 723 118 6989 3379
1003559041 6975757441 4913 377 51 19
1003559041 6975757441 4913 8611 731 869
3139697089 8653650625 305 851 305 319
3139697089 8653650625 3721 7771 375 409
9200838241 20200652641 18096 9793 62959 30191
23226064801 43617904801 8683 5767 4113 1663
5149354081 236010384481 28577 34343 527 943
5149354081 236010384481 41 89 11849 13319
154542548161 1036488922561 1009 15801 41369 41441
294329035441 1998607065841 89175 1813 22591 8659
1105511353489 5998703100625 7825 12866 22223 27025
26597369569 6972900390625 40625 2147 12155 389
10166959513489 12625407900625 9425 5704 15457 12865
7324606372801 80246641886401 2993 3091 2993 11457
32009784282961 124596517122961 86866 18259 8481 4001
474352674970321 495066460507921 89623 51987 33019 31961
656138522270401 1296864216024001 6001 4139 6001 1441
14841421194472525014961 40827573200405732248561 449509 48927 449509 268159
1359201678908083521282341761 28355994025622165550609932161 12976609 16551747 12976609 20594209
121421627844135414651728737921 764888338217537963142994811521 29573281 31533721 29573281 79031041