-24167 25 5 23 -1 7
-895973 27 81 5699 -901 2501
-895973 27 117 133 -1 337
-13391879 121 11 6739 -29 33
-13391879 121 11 589 -17 107
-13391879 121 11 349 -13 137
-13391879 121 13 137 -11 349
-13391879 121 17 107 -11 589
-13391879 121 29 33 -11 6739
-13391879 121 451 549 -7 3355
-13391879 121 121 122 -3 7747
-5883882125 243 729 34529 -85 8833
-5883882125 243 27 82445 -29 55
-5883882125 243 29 55 -27 82445
1375 1024 56 65 -44 5
1375 1024 8 17 -20 19
1375 1024 128 115 -3 5
81289 15625 5 4 -25 89
4913 18225 285 293 -153 569
4913 18225 35 17 -81 17
4913 18225 45 19 -3 1
-268279 35721 11 61 -567 643
-268279 35721 651 5771 -468 493
-268279 35721 567 643 -11 61
50531 46656 36 325 -1938 1937
50531 46656 352 377 -729 481
50531 46656 138 107 -252 277
50531 46656 252 277 -138 107
50531 46656 1938 1937 -36 325
-12907375 88209 33 545 -153 190
-12907375 88209 891 3341 -115 403
-12907375 88209 153 190 -33 545
1140625 117649 91 575 -539 475
1140625 117649 29 25 -343 2025
1140625 117649 35 109 -49 1
1140625 117649 49 -35 109 1
171875 186624 1984 1985 -243 2165
203125 196608 396 445 -1856 1735
203125 196608 1856 1735 -396 445
203125 196608 2496 2545 -284 115
-6967590689 295936 748 15497 -56 419
-6967590689 295936 17408 20217 -53 13771
560947 352947 63 58 -539 1189
560947 352947 21 19 -49 101
560947 352947 49 101 -21 19
-4885742359 385641 138 1711 -4257 39007
-148877 421875 95 389 -2475 2579
-148877 421875 2475 2579 -95 389
41083561 1771561 209 1891 -3509 2989
41083561 1771561 11 53 -121 4
41083561 1771561 121 4 -11 53
-62258931486209 2876416 424 18299 -316 34075
-414078551 4515625 1 10 -2125 2957
-414078551 4515625 5 247 -425 433
-414078551 4515625 425 5749 -35 43
-414078551 4515625 425 433 -5 247
486256289 11390625 75 653 -765 509
486256289 11390625 765 509 -75 653
58512427 14480427 117 373 -1183 967
58512427 14480427 1183 967 -117 373
-53081658551 15015625 1705 83839 -425 667
-53081658551 15015625 3565 34323 -100 629
-53081658551 15015625 3875 33643 -61 425
35975875 30118144 520 569 -4802 577
-342703439 34000561 119 841 -931 1031
-921818375 42471289 7847 17753 -980 2501
-921818375 42471289 3059 3545 -147 1205
65743873 44289025 115 79 -1331 1843
3207989881 47045881 1159 191 -3971 33239
-4610275679 62236321 1817 4267 -2401 10081
-525522625 126157824 5772 11035 -504 865
138671875 130323843 2223 1165 -3887 4055
14757432625 148035889 575 5777 -8993 1007
14757432625 148035889 299 7445 -529 485
14757432625 148035889 529 485 -299 7445
-636837799 191850201 8 17 -41553 62033
-636837799 191850201 3933 4537 -891 3341
-636837799 191850201 41553 62033 -8 17
-1483680849359 259886641 2303 44353 -203 823
5119323667 444107667 207 131 -529 2279
-50770053199 510714801 2511 4931 -549 3301
-3936492173867969 519110656 4272 3007397 -80 323
588384625 584043889 39325 41059 -2873 2752
-414563901477167 1061782225 16625 53313 -49 10049
-6798260327 1107225625 275 313 -121 607
-26597029199 1489882801 253 259 -3509 69634
-26597029199 1489882801 1073 1937 -1331 4069
-26597029199 1489882801 3509 69634 -253 259
-12973390625 1514143744 15200 157573 -2752 2873
1932101119 1936000000 308 317 -25000 25421
659873463625 2565726409 925 533 -9583 187917
-482014149959 2977994041 88 1037 -4961 7327
-482014149959 2977994041 4961 7327 -88 1037
-482014149959 2977994041 451 901 -121 901
-689280542159 8924769841 13 113 -7267 10403
-689280542159 8924769841 7267 10403 -13 113
62925475961 18983603961 2349 199 -11907 21733
66043495387 23962599387 217 2687 -8649 8599
66043495387 23962599387 8649 8599 -217 2687
35321542531 24716870656 986 139 -50864 60989
-388958351375 40575253489 697 755 -3179 25045
-599811250919 44630365081 301 1051 -4913 7435
-26580408048254849 53557067776 925696 1167967 -3 2747
3924557083387 66493083387 1431 54569 -457867 448633
115613053375 142002356224 26588 14915 -45056 38465
115613053375 142002356224 80 67 -23552 14473
115613053375 142002356224 23552 14473 -80 67
122089230073 181343964025 385 311 -12167 2971
695015111131 356257818075 15375 31217 -149609 124766
1529005254361 1357269270361 37 13 -31487 33683
1529005254361 1357269270361 74 73 -31487 75263
1529005254361 1357269270361 31487 33683 -37 13
-20034774365211173 1545938788827 1357 22457 -14283 99467
1341892422625 1960495631329 141 115 -29791 7145
3065462911001 2959263503001 1131 1607 -56277 55277
-444129411927679 12151422120321 105633 306337 -231 569
13424713907683 15227477017600 406 307 -67280 57229
13424713907683 15227477017600 67280 57229 -406 307
-608428775842511 18752147640625 13433 51592 -30625 56737
29735581036729 23279418765625 192995 237617 -25 17
1088769494428625 78285812197329 2673 11185 -29791 13915
89794825506079 89718784000000 2000 1993 -4736 5015
89794825506079 89718784000000 4736 5015 -2000 1993
327721101310321 307568781694321 497 177 -35287 36587
-13488069957887333 502169088896667 31293 105533 -160003 307178
1403578139153875 1035243341090643 99807 63265 -21218 26795
-61620479060687234375 1910518904127289 19787 492285 -50807 370555
-61620479060687234375 1910518904127289 158296 10635565 -2209 6305
2323107420282961 3559043436282961 9559 74729 -6241 6259
59753578789817441 6785850023865441 3519 15071 -23409 17359
61842508572265625 10788090491627289 51 5290 -2036583 2036135
61842508572265625 10788090491627289 2036583 2036135 -51 5290
23889664618890409 20328521728515625 10585 107 -390625 423463
48555530519629489 51352262057640625 85675 35083 -2645 2557
59121398597888561 68153847676800561 514917 463733 -507 277
43131681866527446181375 19600932424529219682304 3471616 5300791 -201640 63229
2418954429246209275009 284081839323373126890625 192061 196355 -2775125 13288277
-24167 25 5 13 -1 13
-895973 27 9 41 -1 41
-13391879 121 11 61 -1 61
-5883882125 243 27 365 -1 365
1375 1024 4 5 -8 5
81289 15625 5 13 -25 13
4913 18225 15 17 -9 17
-268279 35721 21 29 -9 29
50531 46656 12 13 -18 13
-12907375 88209 33 65 -9 65
1140625 117649 7 25 -49 25
171875 186624 24 25 -18 25
203125 196608 24 25 -32 25
-6967590689 295936 68 293 -8 293
560947 352947 21 29 -49 29
-4885742359 385641 69 269 -9 269
-148877 421875 45 53 -25 53
41083561 1771561 11 61 -121 61
-62258931486209 2876416 212 2813 -8 2813
-414078551 4515625 85 157 -25 157
486256289 11390625 15 113 -225 113
58512427 14480427 39 89 -169 89
-53081658551 15015625 155 493 -25 493
35975875 30118144 56 65 -98 65
-342703439 34000561 119 169 -49 169
-921818375 42471289 133 205 -49 205
65743873 44289025 55 73 -121 73
3207989881 47045881 19 181 -361 181
-4610275679 62236321 161 289 -49 289
-525522625 126157824 156 205 -72 205
138671875 130323843 117 125 -169 125
14757432625 148035889 23 265 -529 265
-636837799 191850201 171 221 -81 221
-1483680849359 259886641 329 1129 -49 1129
5119323667 444107667 69 269 -529 269
-50770053199 510714801 279 521 -81 521
-3936492173867969 519110656 712 7937 -32 7937
588384625 584043889 143 145 -169 145
-414563901477167 1061782225 665 4537 -49 4537
-6798260327 1107225625 275 373 -121 373
-26597029199 1489882801 319 481 -121 481
-12973390625 1514143744 304 425 -128 425
1932101119 1936000000 220 221 -200 221
659873463625 2565726409 37 685 -1369 685
-689280542159 8924769841 559 1009 -169 1009
62925475961 18983603961 189 389 -729 389
66043495387 23962599387 279 521 -961 521
35321542531 24716870656 272 353 -578 353
-388958351375 40575253489 697 985 -289 985
-599811250919 44630365081 731 1069 -289 1069
-26580408048254849 53557067776 1808 12833 -128 12833
3924557083387 66493083387 159 1409 -2809 1409
115613053375 142002356224 736 785 -512 785
122089230073 181343964025 805 877 -529 877
695015111131 356257818075 615 953 -1681 953
1529005254361 1357269270361 851 949 -1369 949
-20034774365211173 1545938788827 4071 15929 -529 15929
1341892422625 1960495631329 1457 1585 -961 1585
3065462911001 2959263503001 1131 1181 -1521 1181
-444129411927679 12151422120321 3201 5249 -1089 5249
13424713907683 15227477017600 2320 2441 -1682 2441
-608428775842511 18752147640625 3535 5713 -1225 5713
29735581036729 23279418765625 1595 1933 -3025 1933
1088769494428625 78285812197329 1023 4385 -8649 4385
89794825506079 89718784000000 2960 2969 -3200 2969
327721101310321 307568781694321 3479 3721 -5041 3721
-13488069957887333 502169088896667 10431 16481 -3721 16481
1403578139153875 1035243341090643 5253 6605 -10609 6605
-61620479060687234375 1910518904127289 19787 89725 -2209 89725
2323107420282961 3559043436282961 9559 10441 -6241 10441
59753578789817441 6785850023865441 3519 11969 -23409 11969
61842508572265625 10788090491627289 4437 12125 -23409 12125
23889664618890409 20328521728515625 9125 10477 -15625 10477
48555530519629489 51352262057640625 17135 17713 -13225 17713
59121398597888561 68153847676800561 19071 20129 -13689 20129
43131681866527446181375 19600932424529219682304 216976 359105 -645248 359105
2418954429246209275009 284081839323373126890625 960305 1108273 -555025 1108273
25921 83521 289 299 7 23
25921 83521 17 19 17 33
25921 83521 13 7 289 49
25921 83521 323 161 561 161
1681 707281 319 403 551 901
1681 707281 122 123 841 6601
2307361 2825761 943 979 1271 2329
23804641 62742241 7921 8979 23 41
23804641 62742241 623 103 979 589
23804641 62742241 89 489 1513 1529
23804641 62742241 1691 4141 5607 5945
418079809 442050625 125 91 841 791
418079809 442050625 1015 437 1595 1541
418079809 442050625 2755 6223 9715 9779
44182609 1766100625 8405 15801 215 253
44182609 1766100625 1025 158 697 25
44182609 1766100625 6478 6647 25625 112999
779135569 1766100625 1025 1032 41 265
857376961 3373402561 723 118 6989 3379
1003559041 6975757441 4913 377 51 19
1003559041 6975757441 4913 8611 731 869
3139697089 8653650625 305 851 305 319
3139697089 8653650625 3721 7771 375 409
9200838241 20200652641 18096 9793 62959 30191
23226064801 43617904801 8683 5767 4113 1663
5149354081 236010384481 28577 34343 527 943
5149354081 236010384481 41 89 11849 13319
154542548161 1036488922561 1009 15801 41369 41441
294329035441 1998607065841 89175 1813 22591 8659
1105511353489 5998703100625 7825 12866 22223 27025
26597369569 6972900390625 40625 2147 12155 389
10166959513489 12625407900625 9425 5704 15457 12865
7324606372801 80246641886401 2993 3091 2993 11457
32009784282961 124596517122961 86866 18259 8481 4001
474352674970321 495066460507921 89623 51987 33019 31961
656138522270401 1296864216024001 6001 4139 6001 1441
14841421194472525014961 40827573200405732248561 449509 48927 449509 268159
1359201678908083521282341761 28355994025622165550609932161 12976609 16551747 12976609 20594209
121421627844135414651728737921 764888338217537963142994811521 29573281 31533721 29573281 79031041
25921 83521 17 7 17 7
1681 707281 -29 1 -29 1
1681 707281 29 1 29 1
2307361 2825761 41 31 41 31
23804641 62742241 89 41 89 41
418079809 442050625 145 127 145 127
44182609 1766100625 -205 23 -205 23
44182609 1766100625 205 23 205 23
779135569 1766100625 205 103 205 103
857376961 3373402561 -241 89 -241 89
857376961 3373402561 241 89 241 89
1003559041 6975757441 -289 79 -289 79
1003559041 6975757441 289 79 289 79
3139697089 8653650625 305 137 305 137
9200838241 20200652641 377 193 377 193
23226064801 43617904801 457 257 457 257
5149354081 236010384481 -697 73 -697 73
5149354081 236010384481 697 73 697 73
154542548161 1036488922561 -1009 281 -1009 281
154542548161 1036488922561 1009 281 1009 281
294329035441 1998607065841 -1189 329 -1189 329
294329035441 1998607065841 1189 329 1189 329
1105511353489 5998703100625 -1565 487 -1565 487
1105511353489 5998703100625 1565 487 1565 487
26597369569 6972900390625 1625 71 1625 71
10166959513489 12625407900625 1885 1409 1885 1409
7324606372801 80246641886401 -2993 647 -2993 647
7324606372801 80246641886401 2993 647 2993 647
32009784282961 124596517122961 3341 1241 3341 1241
474352674970321 495066460507921 4717 4207 4717 4207
656138522270401 1296864216024001 6001 3271 6001 3271
14841421194472525014961 40827573200405732248561 449509 202129 449509 202129
1359201678908083521282341761 28355994025622165550609932161 -12976609 2021231 -12976609 2021231
1359201678908083521282341761 28355994025622165550609932161 12976609 2021231 12976609 2021231
121421627844135414651728737921 764888338217537963142994811521 -29573281 8509711 -29573281 8509711
121421627844135414651728737921 764888338217537963142994811521 29573281 8509711 29573281 8509711