-24167 25 5 13 -1 13
-895973 27 9 41 -1 41
-13391879 121 11 61 -1 61
-5883882125 243 27 365 -1 365
1375 1024 4 5 -8 5
81289 15625 5 13 -25 13
4913 18225 15 17 -9 17
-268279 35721 21 29 -9 29
50531 46656 12 13 -18 13
-12907375 88209 33 65 -9 65
1140625 117649 7 25 -49 25
171875 186624 24 25 -18 25
203125 196608 24 25 -32 25
-6967590689 295936 68 293 -8 293
560947 352947 21 29 -49 29
-4885742359 385641 69 269 -9 269
-148877 421875 45 53 -25 53
41083561 1771561 11 61 -121 61
-62258931486209 2876416 212 2813 -8 2813
-414078551 4515625 85 157 -25 157
486256289 11390625 15 113 -225 113
58512427 14480427 39 89 -169 89
-53081658551 15015625 155 493 -25 493
35975875 30118144 56 65 -98 65
-342703439 34000561 119 169 -49 169
-921818375 42471289 133 205 -49 205
65743873 44289025 55 73 -121 73
3207989881 47045881 19 181 -361 181
-4610275679 62236321 161 289 -49 289
-525522625 126157824 156 205 -72 205
138671875 130323843 117 125 -169 125
14757432625 148035889 23 265 -529 265
-636837799 191850201 171 221 -81 221
-1483680849359 259886641 329 1129 -49 1129
5119323667 444107667 69 269 -529 269
-50770053199 510714801 279 521 -81 521
-3936492173867969 519110656 712 7937 -32 7937
588384625 584043889 143 145 -169 145
-414563901477167 1061782225 665 4537 -49 4537
-6798260327 1107225625 275 373 -121 373
-26597029199 1489882801 319 481 -121 481
-12973390625 1514143744 304 425 -128 425
1932101119 1936000000 220 221 -200 221
659873463625 2565726409 37 685 -1369 685
-689280542159 8924769841 559 1009 -169 1009
62925475961 18983603961 189 389 -729 389
66043495387 23962599387 279 521 -961 521
35321542531 24716870656 272 353 -578 353
-388958351375 40575253489 697 985 -289 985
-599811250919 44630365081 731 1069 -289 1069
-26580408048254849 53557067776 1808 12833 -128 12833
3924557083387 66493083387 159 1409 -2809 1409
115613053375 142002356224 736 785 -512 785
122089230073 181343964025 805 877 -529 877
695015111131 356257818075 615 953 -1681 953
1529005254361 1357269270361 851 949 -1369 949
-20034774365211173 1545938788827 4071 15929 -529 15929
1341892422625 1960495631329 1457 1585 -961 1585
3065462911001 2959263503001 1131 1181 -1521 1181
-444129411927679 12151422120321 3201 5249 -1089 5249
13424713907683 15227477017600 2320 2441 -1682 2441
-608428775842511 18752147640625 3535 5713 -1225 5713
29735581036729 23279418765625 1595 1933 -3025 1933
1088769494428625 78285812197329 1023 4385 -8649 4385
89794825506079 89718784000000 2960 2969 -3200 2969
327721101310321 307568781694321 3479 3721 -5041 3721
-13488069957887333 502169088896667 10431 16481 -3721 16481
1403578139153875 1035243341090643 5253 6605 -10609 6605
-61620479060687234375 1910518904127289 19787 89725 -2209 89725
2323107420282961 3559043436282961 9559 10441 -6241 10441
59753578789817441 6785850023865441 3519 11969 -23409 11969
61842508572265625 10788090491627289 4437 12125 -23409 12125
23889664618890409 20328521728515625 9125 10477 -15625 10477
48555530519629489 51352262057640625 17135 17713 -13225 17713
59121398597888561 68153847676800561 19071 20129 -13689 20129
43131681866527446181375 19600932424529219682304 216976 359105 -645248 359105
2418954429246209275009 284081839323373126890625 960305 1108273 -555025 1108273