25921 83521 17 7 17 7
1681 707281 -29 1 -29 1
1681 707281 29 1 29 1
2307361 2825761 41 31 41 31
23804641 62742241 89 41 89 41
418079809 442050625 145 127 145 127
44182609 1766100625 -205 23 -205 23
44182609 1766100625 205 23 205 23
779135569 1766100625 205 103 205 103
857376961 3373402561 -241 89 -241 89
857376961 3373402561 241 89 241 89
1003559041 6975757441 -289 79 -289 79
1003559041 6975757441 289 79 289 79
3139697089 8653650625 305 137 305 137
9200838241 20200652641 377 193 377 193
23226064801 43617904801 457 257 457 257
5149354081 236010384481 -697 73 -697 73
5149354081 236010384481 697 73 697 73
154542548161 1036488922561 -1009 281 -1009 281
154542548161 1036488922561 1009 281 1009 281
294329035441 1998607065841 -1189 329 -1189 329
294329035441 1998607065841 1189 329 1189 329
1105511353489 5998703100625 -1565 487 -1565 487
1105511353489 5998703100625 1565 487 1565 487
26597369569 6972900390625 1625 71 1625 71
10166959513489 12625407900625 1885 1409 1885 1409
7324606372801 80246641886401 -2993 647 -2993 647
7324606372801 80246641886401 2993 647 2993 647
32009784282961 124596517122961 3341 1241 3341 1241
474352674970321 495066460507921 4717 4207 4717 4207
656138522270401 1296864216024001 6001 3271 6001 3271
14841421194472525014961 40827573200405732248561 449509 202129 449509 202129
1359201678908083521282341761 28355994025622165550609932161 -12976609 2021231 -12976609 2021231
1359201678908083521282341761 28355994025622165550609932161 12976609 2021231 12976609 2021231
121421627844135414651728737921 764888338217537963142994811521 -29573281 8509711 -29573281 8509711
121421627844135414651728737921 764888338217537963142994811521 29573281 8509711 29573281 8509711