-24167 25  5 23 -1 7
-895973 27  81 5699 -901 2501
-895973 27  117 133 -1 337
-13391879 121  11 6739 -29 33
-13391879 121  11 589 -17 107
-13391879 121  11 349 -13 137
-13391879 121  13 137 -11 349
-13391879 121  17 107 -11 589
-13391879 121  29 33 -11 6739
-13391879 121  451 549 -7 3355
-13391879 121  121 122 -3 7747
-5883882125 243  729 34529 -85 8833
-5883882125 243  27 82445 -29 55
-5883882125 243  29 55 -27 82445
1375 1024  56 65 -44 5
1375 1024  8 17 -20 19
1375 1024  128 115 -3 5
81289 15625  5 4 -25 89
4913 18225  285 293 -153 569
4913 18225  35 17 -81 17
4913 18225  45 19 -3
-268279 35721  11 61 -567 643
-268279 35721  651 5771 -468 493
-268279 35721  567 643 -11 61
50531 46656  36 325 -1938 1937
50531 46656  352 377 -729 481
50531 46656  138 107 -252 277
50531 46656  252 277 -138 107
50531 46656  1938 1937 -36 325
-12907375 88209  33 545 -153 190
-12907375 88209  891 3341 -115 403
-12907375 88209  153 190 -33 545
1140625 117649  91 575 -539 475
1140625 117649  29 25 -343 2025
1140625 117649  35 109 -49
1140625 117649  49 -35 109
171875 186624  1984 1985 -243 2165
203125 196608  396 445 -1856 1735
203125 196608  1856 1735 -396 445
203125 196608  2496 2545 -284 115
-6967590689 295936  748 15497 -56 419
-6967590689 295936  17408 20217 -53 13771
560947 352947  63 58 -539 1189
560947 352947  21 19 -49 101
560947 352947  49 101 -21 19
-4885742359 385641  138 1711 -4257 39007
-148877 421875  95 389 -2475 2579
-148877 421875  2475 2579 -95 389
41083561 1771561  209 1891 -3509 2989
41083561 1771561  11 53 -121 4
41083561 1771561  121 4 -11 53
-62258931486209 2876416  424 18299 -316 34075
-414078551 4515625  1 10 -2125 2957
-414078551 4515625  5 247 -425 433
-414078551 4515625  425 5749 -35 43
-414078551 4515625  425 433 -5 247
486256289 11390625  75 653 -765 509
486256289 11390625  765 509 -75 653
58512427 14480427  117 373 -1183 967
58512427 14480427  1183 967 -117 373
-53081658551 15015625  1705 83839 -425 667
-53081658551 15015625  3565 34323 -100 629
-53081658551 15015625  3875 33643 -61 425
35975875 30118144  520 569 -4802 577
-342703439 34000561  119 841 -931 1031
-921818375 42471289  7847 17753 -980 2501
-921818375 42471289  3059 3545 -147 1205
65743873 44289025  115 79 -1331 1843
3207989881 47045881  1159 191 -3971 33239
-4610275679 62236321  1817 4267 -2401 10081
-525522625 126157824  5772 11035 -504 865
138671875 130323843  2223 1165 -3887 4055
14757432625 148035889  575 5777 -8993 1007
14757432625 148035889  299 7445 -529 485
14757432625 148035889  529 485 -299 7445
-636837799 191850201  8 17 -41553 62033
-636837799 191850201  3933 4537 -891 3341
-636837799 191850201  41553 62033 -8 17
-1483680849359 259886641  2303 44353 -203 823
5119323667 444107667  207 131 -529 2279
-50770053199 510714801  2511 4931 -549 3301
-3936492173867969 519110656  4272 3007397 -80 323
588384625 584043889  39325 41059 -2873 2752
-414563901477167 1061782225  16625 53313 -49 10049
-6798260327 1107225625  275 313 -121 607
-26597029199 1489882801  253 259 -3509 69634
-26597029199 1489882801  1073 1937 -1331 4069
-26597029199 1489882801  3509 69634 -253 259
-12973390625 1514143744  15200 157573 -2752 2873
1932101119 1936000000  308 317 -25000 25421
659873463625 2565726409  925 533 -9583 187917
-482014149959 2977994041  88 1037 -4961 7327
-482014149959 2977994041  4961 7327 -88 1037
-482014149959 2977994041  451 901 -121 901
-689280542159 8924769841  13 113 -7267 10403
-689280542159 8924769841  7267 10403 -13 113
62925475961 18983603961  2349 199 -11907 21733
66043495387 23962599387  217 2687 -8649 8599
66043495387 23962599387  8649 8599 -217 2687
35321542531 24716870656  986 139 -50864 60989
-388958351375 40575253489  697 755 -3179 25045
-599811250919 44630365081  301 1051 -4913 7435
-26580408048254849 53557067776  925696 1167967 -3 2747
3924557083387 66493083387  1431 54569 -457867 448633
115613053375 142002356224  26588 14915 -45056 38465
115613053375 142002356224  80 67 -23552 14473
115613053375 142002356224  23552 14473 -80 67
122089230073 181343964025  385 311 -12167 2971
695015111131 356257818075  15375 31217 -149609 124766
1529005254361 1357269270361  37 13 -31487 33683
1529005254361 1357269270361  74 73 -31487 75263
1529005254361 1357269270361  31487 33683 -37 13
-20034774365211173 1545938788827  1357 22457 -14283 99467
1341892422625 1960495631329  141 115 -29791 7145
3065462911001 2959263503001  1131 1607 -56277 55277
-444129411927679 12151422120321  105633 306337 -231 569
13424713907683 15227477017600  406 307 -67280 57229
13424713907683 15227477017600  67280 57229 -406 307
-608428775842511 18752147640625  13433 51592 -30625 56737
29735581036729 23279418765625  192995 237617 -25 17
1088769494428625 78285812197329  2673 11185 -29791 13915
89794825506079 89718784000000  2000 1993 -4736 5015
89794825506079 89718784000000  4736 5015 -2000 1993
327721101310321 307568781694321  497 177 -35287 36587
-13488069957887333 502169088896667  31293 105533 -160003 307178
1403578139153875 1035243341090643  99807 63265 -21218 26795
-61620479060687234375 1910518904127289  19787 492285 -50807 370555
-61620479060687234375 1910518904127289  158296 10635565 -2209 6305
2323107420282961 3559043436282961  9559 74729 -6241 6259
59753578789817441 6785850023865441  3519 15071 -23409 17359
61842508572265625 10788090491627289  51 5290 -2036583 2036135
61842508572265625 10788090491627289  2036583 2036135 -51 5290
23889664618890409 20328521728515625  10585 107 -390625 423463
48555530519629489 51352262057640625  85675 35083 -2645 2557
59121398597888561 68153847676800561  514917 463733 -507 277
43131681866527446181375 19600932424529219682304  3471616 5300791 -201640 63229
2418954429246209275009 284081839323373126890625  192061 196355 -2775125 13288277
